0.6412126219803262
0.6662363214206777
0.667111592111592
0.6728188908792356
0.6452868518042314
0.6347997356769286
0.6279700343313145
0.6431931036877562
0.6213050528466351
0.6550311131513177
0.6675333925333926
0.6941688712522045
0.6305155863048174
0.6379076479076479
0.6384407350093624
0.5862337941078911
0.5873155259930622
0.6293879731379732
0.6423046567111693
0.7159242803979646
0.7439486259566351
0.6475517497447322
0.6698158051099227
0.6348127656500862
0.6424250963408822
0.6820926985198658
0.6358017307578712
0.7136291486291486
0.6498122248122248
0.6253197454865842
0.6431768444497278
0.7087309484652105
0.6697507658033974
0.6981908685856053
0.6071329365079365
0.6448860482951392
0.6839912280701753
0.6394693269693269
0.6244502102835436
0.7166957271123936
0.6649405851891232
0.6654169904169903
0.5855399925888646
0.5602512855221834
0.6624856352797529
0.6605036966593031
0.6651794195877268
0.6624867416534082
0.6724867724867726
0.6575362609490899
0.71290188044574
0.6537247474747475
0.6448099694423223
0.5668000319786034
0.6203546727395411
0.622359345392108
0.6770141895141895
0.6189934881487131
0.6820193494729099
0.6401625045165715
0.6676295518207283
0.6942812395937396
0.6299801079852231
0.6067783559940423
0.6702420386630913
0.6078271659541009
0.6099369741926031
0.6148214285714285
0.6407161177922424
0.6181261755100764
0.6849793887074589
0.7094656523578092
0.636097372126784
0.6691155372405372
0.6700071393253212
0.6492703791971496
0.7035558563819433
0.5513433316793
0.6865377632534495
0.6820748695748695
0.6002865372931162
0.6300550086972665
0.6814106123345253
0.6167216230812721
0.6744599343360533
0.6460768766928187
0.6182539682539682
0.6544312169312169
0.6296516754850088
0.6861832611832611
0.6333411142234673
0.5942986393837787
0.6928571428571428
0.6118924689716315
0.6452711287188132
0.6243255078255079
0.7147282870108956
0.6575949838737561
0.6241839950173282
0.6089514613595561
0.6455185615140899
0.6216455490578299
0.5879061216561215
0.5701733200374505
0.6534722015843297
0.6353997154417322
0.5899396952673082
0.5893809233094948
0.6415476090721188
0.6591091778591778
0.660044191919192
0.6707894712562231
0.7177579365079364
0.6549843269141515
0.6439563677063677
0.7318287921229097
0.6669889096875682
0.725730056980057
0.6672949735449735
0.6658163595663595
0.5931585090246458
0.692234440987638
0.6150876900876902
0.6579805996472662
0.6657559837822994
0.6124007808364158
0.6877448691941445
0.6391148974482307
0.6011564127913609
0.6692619473488028
0.6450058261652464
0.5930450171521601
0.6033565251136006
0.6441864462697796
0.6727753727753726
0.6728486020152686
0.6238914273412283
0.7087472775558878
0.5782467532467532
0.7060152266034619
0.6026683939358332
0.6428580840861542
0.6881072631072631
0.6206509710930443
0.6083975961649758
0.6369076251897037
0.5491686079479335
0.6158126933266506
0.6624203687800179
0.6434372755274446
0.6429582518505284
0.637159291325958
0.6666099544306202
0.6283975531173807
0.5632425622914753
0.6983100233100232
0.6554093078595001
0.6662635005925448
0.6443600213527749
0.6095647986272985
0.6017509128016374
0.6102098432851786
0.6642847771137245
0.6703062324385853
0.6403482954969472
0.6286380971300993
0.6568936424199581
0.6364783364783365
0.6435580571034535
0.6786138244471577
0.6036519871844177
0.7039303266372297
0.6387284054618151
0.6592422238255572
0.677106227106227
0.5960942092886536
0.6523809523809523
0.5921194491782726
0.6336745975184109
0.6211247343191788
0.5817689717689717
0.6150326797385621
0.5956593068846359
0.5969387055125595
0.6886319296360879
0.653257735842875
0.644847215239372
0.7059834455667789
0.690670567631352
0.6055278055278056
0.6677689594356261
0.5803510483711845
0.6814788810260948
0.6468144950287807
0.6510441718775052
0.6804099896205158
0.6793375216201303
0.651847643097643
0.6115698260656243
0.6687169312169312
0.6434472934472935
0.6888376116636985
0.6423578872108283
0.6887469012469013
0.6490805683123128
0.61689555792666
0.6278798694648366
0.6415208743809031
0.619819057569482
0.6236052724774529
0.6225037489743372
0.62159360410831
0.6308700673251756
0.6447302643679456
0.6271657498189118
0.6138668611707827
0.6251516628271013
0.6665259979255194
0.6132576696486473
0.6615617393294344
0.6473214285714285
0.6402338855770228
0.6270817976313332
0.6293249370455253
0.6395977537020318
0.6005821141418968
0.6705718954248364
0.6407418095443305
0.6524355229012091
0.62735624882364
0.6427718427432385
0.7016765873015872
0.5749255586899265
0.6468255208045011
0.6719017094017093
0.644540380254666
0.6680359059888045
0.5505499939400027
0.6922122918897112
0.6796566269605484
0.5905851093351092
0.617730479397146
0.6419253829341548
0.6544108625736929
0.6479704100318134
0.6600859788359787
0.6568076695434432
0.5784543740034744
0.681088707942775
0.5927013202941995
0.6901230795348442
0.5775911543068406
0.6299927948728258
0.6447979104229105
0.6458097458097458
0.65987848843241
0.6214234413247571
0.6469087662636049
0.6109558370922007
0.6139838356040626
0.5726093783842322
0.5762301768048895
0.683538760622094
0.6635103387886
0.677105096549541
0.5980336983278159
0.5561954603131073
0.6068626075011945
0.6749576926138855
0.640547385620915
0.6904521730992318
0.6741623572505926
0.6887388653013652
0.6511861632076943
0.5976094584427918
0.6071926118862878
0.6169868922214963
0.7021962559952757
0.645186332052274
0.6480852428690775
0.6475735412009921
0.662290056011452
0.6353843641833836
0.6351881734980627
0.6070363132809851
0.6036619875222817
0.6601389364478543
0.5764411745661745
0.6453469437165089
0.6106330106629149
0.6976121810445522
0.6265886784008363
0.6321502639517346
0.6177421394011118
0.6273366419598477
0.6192797842254364
0.6336277507613716
0.618270944741533
0.6154186275879211
0.6551790801790802
0.5929708313024509
0.6538877788877789
0.6421961683397442
0.6439661826916728
0.6613896905563572
0.6248542851484028
0.6369164735968377
0.6163074373362321
0.6332722061888728
0.5995313251563251
0.6315955436098084
0.7103018985371926
0.6370403880875039
0.6505773910185675
0.6747663288333144
0.6773148179880599
0.7060846560846561
0.689896985730319
0.6054584071840411
0.6449195751311334
0.6095098334594133
0.6815494122511665
0.6407496271801085
0.7050632808501744
0.5986036269010329
0.6719135802469134
0.6534326693640419
0.604502438707547
0.6665797679686568
0.6275645052115639
0.6599619504427197
0.6371109554933084
0.6422650692387534
0.6730337510753224
0.7192752100840336
0.6390569810306653
0.6926035384368717
0.6516067001706504
0.5985219702324964
0.7062567833401167
0.6271490157016473
0.6895923492285722
0.6003784652262465
0.6783505846005845
0.6515527205309152
0.6762529137529137
0.6568991924255082
0.6544322507557802
0.6413223329409966
0.5994893483709273
0.6932898075054938
0.6200125491792158
0.6736420986420986
0.6690288505609615
0.709430685993186
0.6156383270513704
0.6184961863533294
0.6526520018478306
0.6072716835369951
0.6130611288184229
0.6007015828016652
0.6928205308952434
0.6007858055986398
0.6068637039289213
0.6458894148952627
0.6362215250524386
0.6406228902605713
0.6402064030740503
0.598346208597333
0.6305080007711586
0.6703227273815509
0.6168739523099687
0.6278795278795278
0.5441239860357507
0.6032141268025134
0.5828414265158998
0.6853349673202616
0.5359188800684964
0.660049019607843
0.5515365015872116
0.6207264103988703
0.6453628572750831
0.6695603468486764
0.6181442010269194
0.5881477108749835
0.6336135775097763
0.6884419592752926
0.5989638447971781
0.5954616953511257
0.5997595178422246
0.6359822716965572
0.6427441077441077
0.6097937479187479
0.6481593292996801
0.6322868408394724
0.687435736777842
0.656002243286726
0.6634597541897282
0.6606338831829027
0.6012957570449866
0.6700419845306208
0.6357642251320412
0.5900265545494684
0.5858455938001392
0.654112554112554
0.6806744793877146
0.683971583971584
0.5990565783311351
0.6215225206891872
0.6238381419531153
0.6479477741509827
0.6506932966023875
0.612971040485272
0.6653660436414447
0.6370495002073949
0.6217718903063729
0.624154341029341
0.6760587406420739
0.6555909315299266
0.6673816923816923
0.6643565759637189
0.6516055989824879
0.6164373627350167
0.6451729483966326
0.6024543150593571
0.5221177127598687
0.5922261483609409
0.6537325328991996
0.6959136179724416
0.6213739038739038
0.6258250042441219
0.6790920137810089
0.6705736418761389
0.6366737428649454
0.6247982537496604
0.6812873529978792
0.7270657955760256
0.5709687289834349
0.6756020419909309
0.651053190636524
0.6034260221760221
0.6651243558665615
0.6247061650542126
0.6495002648495295
0.7440934065934066
0.6408339046574341
0.6469759920664596
0.6589156874871162
0.6745712276104433
0.6303413473996395
0.6648420479302833
0.5997038921223704
0.6687761069340016
0.5819054940157882
0.6470811051693404
0.6847836691658202
0.5937375328919445
0.62596092342911
0.646713101032954
0.6018664150152039
0.6736095242190444
0.6588478696321833
0.7182806553420588
0.6557331698611368
0.6415299604815733
0.6261821582189876
0.6581968956968957
0.6141774891774892
0.6027334395649905
0.6318278364104136
0.6187768528464017
0.6304292929292928
0.5934501054501053
0.6281723420612311
0.6998002406090641
0.6265900261354806
0.6773989898989898
0.6645010853344187
0.6349928174489577
0.6381897203325775
0.6777921152921152
0.6218554291923857
0.6263172345308231
0.6485833916900092
0.5857943902198561
0.7083093902029828
0.5838238996775582
0.5901883830455258
0.6375791057163606
0.61837770526496
0.6196935694355714
0.637962837702421
0.7044037451782666
0.6808268567040496
0.7017494488082724
0.6308757215007216
0.6893636708049192
0.6324533109362832
0.6781945251682094
0.6266174216533067
0.6185496346028726
0.6516692821067822
0.7019202654071074
0.6970443907943908
0.6417994679758657
0.6319021373788107
0.6208530106257379
0.7041606993674663
0.7203042328042327
0.662480840415623
0.6625
0.670861568986569
0.6183293978748524
0.6023973945899004
0.6547443977591035
0.6591399584820637
0.6779524556027462
0.6896572302822302
0.5667620820160096
0.640456375505395
0.6467257112184649
0.6781124739458072
0.6737876564630949
0.6031455625366874
0.5662675695763931
0.6312819084748909
0.6580266955266956
0.6431356568268333
0.6223514448514448
0.7175082746831617
0.5397001038887228
0.6036441445264975
0.6145497192492078
0.6238907425181934
0.7067851901185234
0.5907499070149519
0.6139104604545783
0.6651500632150786
0.6817716234382902
0.6765613652868555
0.6424430832325569
0.6860495470015594
0.6834923848081742
0.6909070867404201
0.6916065416065414
0.6572941112057435
0.6312600979267645
0.6085614142374198
0.6577221537606369
0.6261693296899471
0.6375169583502917
0.6923664348780448
0.6171102529641257
0.5886663255045608
0.6438131313131312
0.632839246809835
0.5799837452219463
0.6357544869799772
0.598998660076345
0.5963109525419363
0.6464451755832381
0.6680874680874681
0.6103310269976936
0.6130165289256198
0.6465720148401916
0.6041354672555539
0.5927668736492265
0.6429077186430127
0.6034549147294245
0.644295143932825
0.6357944524611191
0.6276580494976721
0.6134240411278029
0.6690151304186391
0.6527513880455056
0.6547195981406507
0.690850557394675
0.6795473045473045
0.619333955804544
0.6973262032085561
0.5931904970459536
0.6432305348972016
0.6559689153439153
0.6542910306068199
0.6306753431753432
0.6678926420861906
0.5649030206759346
0.6041317438247263
0.6183305485937065
0.6501705365341728
0.6300623657408113
0.612695445593173
0.6221460068899158
0.6497271104082248
0.5736858974358974
0.668776455026455
0.6691056265811167
0.6760475671750181
0.651618674535341
0.6627218740855103
0.5893642829188214
0.6385741754614302
0.7355098605098606
0.7062560895894229
0.6501368325198733
0.6203212270072735
0.6626763668430334
0.6961569940290719
0.6850587327712445
0.6759114017885948
0.5692097576771113
0.6208939607311457
0.6719020585442154
0.6469118544853839
0.6215083892715472
0.6528329411004848
0.626692464623499
0.5880361374812415
0.631757363007363
0.7036161833154314
0.709813309039315
0.6039532181689045
0.5743947410614076
0.6184074498069714
0.6010327156439987
0.6877001085334418
0.6046647025813693
0.6049840028633526
0.648123853270912
0.617590526088978
0.7022025904378846
0.6737706648157504
0.7057460387170531
0.6433583959899748
0.6671637597910044
0.6536805555555556
0.682650047638606
0.6463303743308487
0.6507745465406755
0.6269082255193366
0.6421485294676084
0.5885480680935227
0.6148613941957595
0.6779812449455306
0.6686833831761368
0.6883818342151675
0.6204365660993079
0.5741624032533124
0.6632986208837601
0.6593485595549579
0.6554905015619301
0.65753367003367
0.6507282535400996
0.5812395149158347
0.6230940355940356
0.6373108151642722
0.6699046824792777
0.6020136429227338
0.660419204410494
0.5910873766265923
0.6068781320140015
0.6012154891440858
0.613870774861833
0.6690384615384617
0.677215450241766
0.6641209392341105
0.6742505009610273
0.6795739348370927
0.6102978567475809
0.6687003245927731
0.6832997852925389
0.6658819351156812
0.6900798547857371
0.6397432976380344
0.6739972093900393
0.5739653148708875
0.6664820063583916
0.675113288271183
0.5807007637671252
0.6258325953372393
0.6437840586963394
0.6077831077273067
0.6150584720863359
0.636943357452182
0.6459147334147333
0.647655861850279
0.6365586007130125
0.6746121162787829
0.6151100896198937
0.6112018920407077
0.5876028857290717
0.6606188446235336
0.5662010732323233
0.67755407718643
0.6409843428454461
0.5978931598539441
0.6830676676264911
0.6551555878761761
0.6224480360445273
0.7004038582486658
0.5601567563938565
0.6505968296409473
0.6952922077922078
0.7608156804388422
0.655239898989899
0.6252104179243216
0.6458161356187672
0.5531475276040493
0.6200120350663829
0.6460024422955944
0.6799923841590508
0.6211706349206348
0.6463982957855507
0.5969915012421951
0.6431123614947146
0.6713969286714491
0.6917539627936944
0.5934083630358573
0.650638867305534
0.6225020469632538
0.6507228038478038
0.6684157651630562
0.609440446940447
0.6645649829473359
0.6570889864886574
0.7124631155881156
0.6106872819057693
0.6675015262515263
0.6661807003912268
0.6748415935915936
0.6331535117340744
0.6517602767602767
0.6192532324615195
0.6058370447300065
0.7371388370162879
0.6893513508096841
0.6757371559258353
0.6512393840545903
0.5875798804370234
0.636010512726199
0.60233173222766
0.6322644430732665
0.7419261294261293
0.665911576751913
0.6376063913344614
0.639558096366755
0.5981039077906085
0.6723265261308741
0.5781434796140679
0.6612794353632863
0.7430194805194804
0.6201185343342206
0.6501624965606211
0.6925240584331493
0.6895362789384528
0.6146767089215769
0.6388713801117891
0.7062347374847375
0.76627664002664
0.5897146935190414
0.6682173382173381
0.6819584736251403
0.6017515823144626
0.6179462756217141
0.612608201155196
0.5824392998306043
0.6349154708028352
0.6383847866477875
0.6481008691008691
0.6212521694246841
0.6663566970310392
0.6912255137745333
0.6654434557212334
0.6401114317780985
0.6465883613512924
0.6682245386192754
0.6549019607843136
0.620455904049654
0.7022713397713397
0.649759693831451
0.6187707742449121
0.6023081254445352
0.6190617661205896
0.6697700849874763
0.7467009025832555
0.6749939874939873
0.6340083288359151
0.6066467483134149
0.6527209449906817
0.5942359973634089
0.5729309322923453
0.6280624568668047
0.6565330652463005
0.6124776219027556
0.5806417485183365
0.6384513634513634
0.6155816821725912
0.6252522715458906
0.6392690919522704
0.6601642996379838
0.5940431960546902
0.6232168872793873
0.5961644109610318
0.5791819004139577
0.7187485516432884
0.6847778673759066
0.7639872110460345
0.6947361280694613
0.5861735997920209
0.6600958414554906
0.6760361552028219
0.6778483245149912
0.6965647523831667
0.6381034668359756
0.6067602664824887
0.5471096789974085
0.6622822819881644
0.6374873737373736
0.6710948142766324
0.7149797441415814
0.6596803350555874
0.6666015901310018
0.6752902598490835
0.6930229486026587
0.6746924553297102
0.5841161298655577
0.6516298596733379
0.7008892958892958
0.6918673918673918
0.6840939153439153
0.6112056788527377
0.643465349102604
0.6972081930415264
0.5801970694285685
0.6190986301280419
0.7042052174405116
0.6891796475129808
0.6371051060252512
0.6640419720076582
0.6513127304793971
0.6562378167641325
0.6134242300908966
0.6437029351603325
0.6701727982162765
0.5833542188805346
0.6522036560026755
0.6264568577240202
0.6761354283576505
0.6237885526008694
0.5765715947088497
0.606953395393245
0.6007995163877516
0.6748412698412699
0.6222531431177123
0.6252305665349144
0.6083233652312598
0.6050259757687293
0.6583226595481497