11.882845067504324
11.15686966187759
10.926807053935221
10.608057202910521
11.80629217147469
11.106275781275302
10.935881646249802
11.84883301814914
11.972925868923857
11.378599969190331
11.089523382832187
10.953431272230638
13.314335989245457
11.00507075997243
10.276512596823364
12.507156008209208
11.697385798740614
10.917622077913045
13.496181488555077
11.676276275272995
11.259381610021919
10.14882363144595
10.397897723532902
12.608687674625987
11.162407821566122
12.393291103356331
10.359599079803903
10.707886763789508
10.297807569907695
13.670527935106342
10.26198646111313
10.799531626027767
10.97940842250596
10.59372721303621
12.37692978905437
12.413552840216239
10.784151205004338
10.2237788460857
11.257569892530384
10.241298976645488
11.463621885563745
10.438824449361348
13.234542887735827
12.591001290166826
9.949595788343562
10.590114989197629
11.545200495166775
10.82603051023561
11.670932729933885
11.175715609429995
10.764353179515405
10.84656480635021
10.469013418284165
11.85741645222599
10.923187823062378
15.939074149067405
10.059729738476905
12.345812794915455
10.900568545873952
12.218181226895583
9.88949067170099
10.80830059345642
11.496755060303634
11.867885664511121
10.687739567383735
10.853561796303607
12.86890460433142
10.56045929882906
10.97665933251091
12.328860201237001
11.474185400310041
12.058587582171523
10.798971942643533
11.365742146832478
11.503972941141285
13.958469659914616
11.460876342528325
12.593135814643471
10.491376362117546
12.467581523929772
12.194609903364118
12.833453057519668
10.999904368092784
11.10880358323922
11.797508762635276
10.831246603784301
11.113199503516093
10.597232949671401
11.253763071597838
10.747968838675066
10.424452559040024
10.295225846673725
10.76728714457039
13.425412112946038
12.797231533072535
11.046720156402165
10.841721485999411
12.074901013890836
11.53168223456189
13.274628398118429
12.31184276848169
10.311719200441342
13.123014532686772
12.1400810427028
12.207480411629488
11.359038698905628
11.026226364598667
11.321154821296647
11.427066612470563
10.419079951969234
11.36678242322277
11.373719364080177
10.409244651487786
10.631325833355712
10.359795135705422
11.467030690087398
10.388727169055024
10.218796631086525
10.5059392408286
11.907349554599422
11.068801176880175
10.615095884518785
11.710657714536215
11.311577008838361
10.804569868954896
12.26855350774418
11.586158411545965
10.39784518280851
10.108432931812715
10.617195704539107
11.290376566965158
13.252532896119973
13.808171370583793
10.59669230421761
10.438230546733887
11.017272323245898
11.358423994846932
10.99986011408874
11.439704342336004
10.72207125311664
14.27107242894928
11.939651294751101
10.303593915284331
11.945812485862426
12.803767318811781
11.279004260474933
11.747639090140451
12.584668307697893
10.69131889357912
12.311354928243583
12.42898789041346
11.14720960628781
11.199087953946192
11.8607138279877
11.911494175741057
10.372195732746079
13.417386371470064
11.051955048217547
11.575268703571826
11.000936389724005
11.717295527082813
11.557960666857857
10.9914688814157
11.417001833292534
14.326316604616114
10.731650507786629
11.339412326428368
11.445592269416384
13.017677089324838
11.01991870139638
14.511937790899065
11.382141834059471
11.495479711891647
10.700766713319721
11.321264794591936
11.927270829327178
11.624427894855863
10.661328254258617
9.964445153910184
11.334540298938613
9.991407057124833
9.985077520615121
10.556412699031592
13.184943694983474
11.696610589970074
11.514037775627878
11.349761423690076
10.873271502770217
11.111817138470705
12.96619026984623
11.172281015901497
12.475833456066523
10.02175672587735
10.228222703739833
11.082169979019374
11.509147445313959
12.395631074162623
11.667328544555705
12.143293750441698
11.827631544483308
10.679249984813515
11.229170509337003
11.439429461238788
11.175354663888768
12.257104511304915
12.363296976397104
11.736541668354729
12.973547088481807
12.595989486220626
11.216418095589608
10.296006776900489
10.941711790634653
12.028548999428814
10.735630927652966
11.284600734882517
11.27309240316034
10.436776671377698
10.9505783047613
10.476604919229455
12.003949815288072
11.41749759974944
11.632555037609238
11.005149552439267
11.099021119163503
12.474728026554523
12.644536573555973
11.435170514219193
10.43567414851314
10.6767154298801
9.768298469614894
10.894842723176613
10.721245880012336
12.31154338689942
11.04412613875761
10.315583374980626
10.639232702984641
11.616817109425417
11.7275454342889
12.5358802666605
11.075426008459269
12.785178762791709
11.180514307251363
10.540413237325488
10.421820066785608
10.303832256263243
10.283628748784928
10.329339909754424
12.938734129714126
11.39456509450791
10.220335664416512
11.675656883935106
10.446890652419363
11.080418219922205
10.714881855164604
12.106273585450909
10.236558890598557
12.042950631994714
10.845295279562869
12.828210215126084
11.4348244594143
12.370600693073667
12.123719164566534
10.83273157098696
12.709329297897522
11.3227990902122
11.6903888821447
10.850873691178933
12.459855840661735
11.589092828687699
12.220827847094265
13.506741621747079
11.290912524185009
11.173794470164822
12.246746357848115
12.64743080530837
13.091717761847235
12.34110735474209
10.559506096210052
12.387965233350577
11.537166052742304
9.861760090194236
10.599730739332308
10.873858113429813
11.693504532536485
12.053234233415257
11.538399409590859
12.144323200836482
12.917087330386742
11.653445575075672
13.65398467132551
11.123901805701038
11.998747250804065
10.043462139169911
12.325354797445556
12.758190418674642
12.146562078217464
12.122818477435883
11.599181650564637
12.133351547918188
9.898881299515022
14.1555711764124
11.625178537098304
14.085185374864707
11.54946749970461
9.949321549324742
10.465466909290846
11.501383656595078
11.372747675554704
10.546727151538871
12.318830579614666
11.79358447343761
10.174567623102792
12.340292952910286
11.74941809473038
11.383492862338557
11.610479462659596
10.47845064922874
10.89611201257931
11.789976570898567
11.79102197802875
10.476519623226787
11.61880019198698
12.323015914576523
11.257721809262584
11.299200802933484
11.503397928761947
10.806203855451356
12.886291710243473
10.331879262300582
11.040257554159984
11.922669841324755
10.021744868807769
11.156131228793534
11.958102958348254
10.4957116802291
11.339922812053079
9.511176462754559
11.150728507671976
11.519113961461848
11.361005438125723
11.778711665131901
11.152304517696527
10.901638930328714
12.218872512539027
12.001648512988112
11.849572156608616
10.740155423276342
11.709270810521602
10.816278005828195
13.39887832485662
11.273259038433693
10.844087508453867
10.771925983436596
12.474719524656125
13.068715238504188
11.672845084668289
11.313704005066217
11.762263908443684
13.364300100238415
11.856964942364211
13.242581828640397
11.792764262145507
12.444370539499117
11.342448603844772
12.248588739772973
11.720516360565739
12.02642736647936
11.395155858144383
12.46811239393894
11.560541202268876
11.346285157090003
11.93075100554102
10.289188034511373
11.895300245664687
11.970947533847863
11.533081358452586
10.494180244842282
12.89822269707755
10.636156411610475
12.044615660896778
10.951456814752781
11.614433062050436
11.007524660400128
10.852592566319402
12.981139536837226
11.681340207472271
10.856520810127996
11.574154308158146
14.136531787860168
11.27046829612182
8.78343409850773
12.534644175579198
12.559452917568551
10.961501014358182
12.200841368067133
10.416949387502008
11.011768988084246
13.492745519499076
11.425759819184417
12.473905243250444
13.31556706575554
10.477539766371487
11.7010160949252
12.636525426346767
11.405102898764603
12.919062571830262
10.74281029416525
12.04594684580751
10.97893095507283
12.820540536921833
10.81637420680391
12.093427505210292
12.438651577690232
10.692662991423596
13.129871438569255
10.986126221688897
12.378744774846442
11.88249032198572
12.304722470468393
11.540998308300951
11.501329948682862
13.82132663573147
12.462805076440475
10.936199704842135
10.396774104105003
11.647112907934522
9.912829596438234
11.258691613598662
10.404718775106433
10.848542431427028
11.131243588103654
10.7787316866984
12.541588056373325
13.812030191464705
11.386415934548022
10.776968960771727
12.080481673750327
13.497892362932134
12.348465417868567
10.910575464986522
14.058567854393855
11.281981194015959
12.629882155665452
11.66643725490628
10.048399544361423
11.3876310600265
10.061981187671426
10.527385928130231
11.418663740113026
12.398085087900979
10.098636752064806
11.008354911898795
10.788492743325582
12.412733694587935
11.870490523242605
11.740909614898575
10.955000895462158
13.060132243117234
13.918895362255782
9.33043467798633
11.367316657284894
11.828947386225948
11.62236619486329
11.63066095307328
11.359514740874861
13.147728326331327
10.259000702415896
10.906335608392382
11.464919015432312
11.878681481088037
11.001719747371252
10.752545703820928
12.127227428434336
10.837379645671284
10.717016144250946
11.179938091596954
9.92339959837657
11.162107830197128
11.775180861436398
11.087079020298095
10.968547809555794
11.91579668027436
11.657785827896156
10.912858907673485
12.18361730077238
11.681192673291598
12.230867471191123
11.508904891448081
11.252361031843964
13.761217890144865
11.467161388895986
12.646828183290603
11.74813530065178
10.871804149098232
10.462740814400837
10.506655220161704
12.351572388283435
11.0493535909661
12.158975138237128
11.005760893659359
10.958130467935977
11.88120803093699
12.2824895606882
11.40612065359786
10.754219127260287
11.174938625831148
12.514358324693482
11.719147483579372
10.728484867853552
10.28330003348552
10.892831960157912
10.678652874286843
11.932674722334347
11.748129525723295
10.556471607786829
10.993947807117614
12.870841135844373
12.144752802677097
11.766573945228656
11.149311475946613
10.072381631825586
10.991519287196317
9.890510308805263
10.96257387360333
14.1338102270183
10.574163401260478
9.79343933157858
12.157340026006793
11.400519534658555
13.296148223739069
12.372007179924791
11.442961225775322
13.043205717643882
11.295457974603137
10.260369060200953
14.135928444555887
13.41375688967702
10.944480895478058
12.423826083532687
10.572501919334137
12.580722636103081
11.678864044712235
10.534576877792984
11.350143458745144
10.82972152086368
11.331077916440778
9.796041945188561
13.630217799487228
10.756024090380969
12.404826726457108
11.115797322778635
10.803636417883677
12.293412609377876
12.236821999711289
12.922866702347909
10.623336817979595
12.480020696543397
11.934510703549709
12.378273213823247
11.561328714231156
12.343918470948315
11.283406742106083
11.86624309776799
10.882019765384241
11.139345036944926
11.84272597114689
12.367027376019216
11.084762680507929
11.224882593115204
11.392410940737372
10.473986174455797
12.39779354827808
12.074567464106918
11.157882629467428
11.47509053794014
9.926273079280737
12.576375770792113
11.265571797564238
10.420211256553905
10.539696456450361
12.326132070968935
11.481839208722624
11.832481209860843
10.489657196090993
10.38576217067859
12.128159240665857
12.5664507718505
10.199369837443287
10.828643540193328
12.017683682989217
11.288465977015782
11.841672323850203
10.65638962036038
10.836713726540733
12.178972830936832
12.183793476489154
10.371528102887849
10.976841238741347
11.409344068760554
11.121493351797742
11.168314608209165
11.09480286787223
10.716615151807954
11.30596139780057
11.201239150770053
12.200906642057644
10.829899159712204
11.712433584488855
11.337870213949957
11.26899293422809
11.475676472016845
12.005236769797307
10.78815778839984
11.6997492290772
11.922816512877715
12.568648544490895
12.475015317192685
11.604182347388425
11.480811709805186
10.40260221111384
11.042618434519344
12.619859492919742
11.352416607318826
10.993324781380819
11.95467669913618
10.570398062681061
10.697658030276953
12.750334216386053
13.191521874711391
12.015706319724455
10.871702226889246
12.6579243200669
11.67392942996626
9.828337076096004
11.70596587594237
12.89472876668
10.864178630543641
13.273538928439114
12.100137516153453
12.394347541866104
12.799244482735109
12.579174135664164
12.132998762946157
10.579821836579654
11.036879369639378
11.172403353928168
11.963699926439991
11.401086309391722
10.253359483991439
11.209588713846793
11.817168802146018
11.725480379147033
12.366435117887022
13.274133837434636
10.303918814135837
11.066858315778555
12.380610927854702
11.680954706308173
11.86188313907381
11.964209392109154
12.295743882941457
13.031258640144618
13.804996827457204
10.84266257708357
10.421005836602095
12.733673333917423
10.753098004620936
10.130059986454675
11.566505719514932
11.870945319783406
11.576683994908848
10.780772141280694
11.351000131273658
12.080815843993557
11.323383584603505
12.875154610098742
10.572147152619605
10.465982825509323
12.359711459117435
11.356078851563268
11.251989569374421
14.427209649662995
11.86178273691952
13.084975079193628
10.414732792039006
11.505730900135777
11.946754564021482
10.652853133984344
10.85754094057249
11.51029698145782
12.78205643192731
11.213309580307321
11.389067763283737
10.42947373711354
11.24531931909301
11.776392910019153
10.2129515781306
9.941932819238739
11.0587746012195
11.788841269585966
11.384884742828653
10.530949129401316
11.03812647992968
11.467356975864353
9.929420526966194
12.037183910918252
12.629659462196281
13.205433950037007
10.149276015161409
11.31118863767303
9.601983900060338
11.040802879147076
11.08457422672462
12.932797020895478
10.598601598867017
13.431591772467915
10.875278444546657
13.991559939365015
10.109765539517015
12.164426872377229
11.45367880958576
13.58872355045337
12.147952872193258
10.301521459035898
12.722943046452494
11.939153309568079
10.282517979179143
10.466058106470811
13.342348658605756
10.993091430807524
12.465025072048046
10.625228745895624
13.436950600439896
12.676203554982152
11.467447138457668
11.120867566926114
12.848938976116681
12.133605035615512
12.71579627724021
9.861404271859191
12.864424370884663
13.492515826846454
11.338193880449076
11.987695523988533
10.545770836089073
12.734616504310008
11.884472405658924
12.063411894208986
10.61568095857397
12.382682759473434
10.378266918441806
10.312919238658502
11.304572569474098
11.991463537534871
11.138783941858007
12.678589633710764
11.105816145776222
9.719232090038394
10.730838357278813
11.08420928730926
10.975444215029295
9.700698821514447
12.446341483158427
11.13935173843715
10.817565633916923
11.462070161674673
10.808078188821849
12.41621011874423
12.375599482220244
11.49702649322248
10.496320686915496
11.28910116307194
11.034170699011824
10.634597597208945
10.043347627085822
10.832965759098323
10.675691009699781
11.51362229302317
10.813593650736472
13.058903796826609
11.147929587333616
13.2720615680659
11.257392569727966
12.264190229019487
10.120106410720862
10.53741883774907
10.939326284242856
11.425739953330316
11.510487693643631
13.170038381407046
12.491752725921938
10.494827187788816
12.69828516480777
12.840115867097314
12.987322989698319
11.637963683404255
13.190019554233606
13.666436347042525
11.051349266653327
11.915961595079422
9.396575300077854
9.746109546442462
12.788849714175699
13.534273124827594
11.040496834414244
11.743462502724368
10.088836371993615
11.187951395328097
12.73938377334056
10.990794045541556
11.015464132629694
11.933473125426739
10.566920239404517
12.39261302324502
10.253551073100288
11.984088120263314
11.369828435279066
11.36610511729411
11.618508273169637
12.501782609695795
11.666926895608663
10.775603682005363
11.01846048454065
11.906826350929379
11.38163349673359
12.600690019872843
11.712416972347247
11.665128339541376
10.062408612430993
11.08308688737646
11.298665933355469
12.057498496338154
9.729949653453659
11.295703922739223
10.670804964531921
9.806016739984758
10.311344791183044
9.637288277871981
11.097322033544938
10.47471336326536
12.930896288366224
9.854610200916149
11.189203694196628
11.49251166616761
10.109454797558534
11.051158472989751
10.307321561881967
11.398045817019353
12.855788262611064
11.059516750846857
11.292712206280424
12.936825884471242
11.305514991697198
11.904071281422805
10.805185495374262
12.957447324590527
10.796872600394794
11.580249757360942